 11 7 3 9 15 17 18 19 20 25 30 35 16 21 26 31 
 1 6 11 16 21 26 31 2 3 4 17 18 19 32 33 34 30 25 15 10 
 2 5 4 3 6 11 16 21 26 32 33 34 35 
 1 6 11 16 21 26 31 2 3 4 10 15 20 25 30 34 33 32 
 1 2 3 4 5 6 11 16 21 26 31 32 33 34 35 17 18 20 19 
1 2 3 4 5 6 11 16 21 26 31 17 18 19 20 
2 3 4 5 6 11 16 21 26 32 33 34 30 25 20 19 18 
1 6 11 16 21 26 31 5 10 15 20 25 30 35 17 18 19 
1 2 3 4 5 8 13 18 23 28 33 31 32 34 35 
5 10 15 20 25 30 34 33 32 26 
1 6 11 16 21 26 31 17 13 9 5 23 29 35 
1 11 6 16 21 26 31 32 33 34 35 
13 7 1 9 5 10 15 20 25 30 35 6 11 16 21 26 31 
1 6 11 16 21 26 31 5 10 15 20 25 30 35 12 18 24 
2 3 4 32 33 34 26 21 16 11 6 10 15 20 25 30 
6 11 16 21 26 31 1 2 3 4 10 15 19 18 17 
2 3 4 6 11 16 21 26 32 33 34 30 25 20 15 10 35 29 23 
1 2 3 4 6 11 16 21 26 31 17 18 19 15 10 23 29 35 
2 3 4 5 31 32 33 34 30 25 6 11 17 18 19 
2 1 3 4 5 8 13 18 23 28 33 
1 11 6 16 21 26 32 33 34 30 25 20 15 10 5 
33 27 29 21 25 15 10 5 20 16 6 1 11 
23 27 29 31 35 5 10 15 20 25 30 1 6 11 16 21 26 
1 6 26 31 30 35 5 10 12 14 22 24 18 
1 6 5 10 14 12 18 23 28 33 
1 2 3 4 5 10 26 31 32 33 34 35 22 18 14 
11 12 13 14 15 20 25 30 35 34 33 32 26 22 23 24 
1 6 11 21 26 16 31 22 23 24 34 33 32 30 
21 26 32 33 34 35 17 18 19 20 
26 32 33 34 35 22 23 24 25 30 20 15 10 5 
16 21 26 32 33 34 35 22 23 24 25 20 14 13 12 
3 4 7 12 17 22 27 32 16 18 19 
8 9 12 17 23 14 19 24 29 34 33 32 
1 6 11 16 21 26 31 22 23 29 34 
18 23 28 33 8 
26 32 28 23 18 8 
1 6 11 16 21 26 31 22 28 34 18 14 
3 8 13 18 23 28 33 
21 26 31 16 17 18 19 25 30 35 23 28 33 
17 22 27 32 18 24 34 29 
21 26 32 33 29 24 18 17 
7 12 17 22 27 32 13 14 19 24 23 
9 14 19 24 29 34 13 12 17 22 23 
22 27 32 18 19 
12 13 16 22 23 29 33 32 
13 18 23 28 33 17 19 
16 21 26 32 33 29 34 24 19 
27 33 29 25 20 21 16 
34 28 32 26 21 16 30 25 20 
28 22 24 34 32 
23 28 33 19 14 17 12 
12 13 14 32 33 34 27 23 19 
1 3 2 4 5 10 15 20 25 30 35 34 33 32 31 26 21 16 11 6 
3 13 8 18 23 28 32 33 34 7 
1 2 3 4 5 16 17 19 18 20 15 10 21 26 31 32 33 34 35 
1 2 3 4 5 10 15 20 25 30 35 34 33 32 31 16 17 18 19 
1 6 11 16 17 18 19 20 10 5 15 25 30 35 
1 2 4 5 3 6 11 16 17 18 19 20 25 30 35 34 33 32 31 
1 2 3 5 4 6 11 16 21 26 31 32 33 34 35 30 25 20 19 17 18 
1 2 3 4 5 10 15 20 25 30 35 
1 2 3 4 5 10 15 20 25 30 35 34 33 32 31 26 21 16 11 6 17 18 19 
1 2 4 5 3 10 20 15 25 30 35 16 17 18 19 11 6 
3 8 13 18 23 33 